((("***" .
   [8 0 0])
  ("kbd" .
   [1 0 0])
  ("global-map" .
   [0 0 0 1 0 0 0 0 0 0])
  ("define-key" .
   [0 0 0 0 0 0 1 0 0 0])
  ("setq" .
   [0 0 0 1])
  ("solarized" .
   [0 0 0 1 0 0 0 0 0])
  ("dark" .
   [4 0 0 0])
  ("package-install" .
   [0 0 0 1 1 0 0 0 0 0 0 0 0 0 0])
  ("that" .
   [0 0 0 1])
  ("nil" .
   [2 0 0])
  ("!/bin/zsh" .
   [0 0 1 0 0 0 0 0 0])
  ("-n" .
   [1 0])
  ("homesize" .
   [0 0 0 1 0 0 0 0])
  ("autoload" .
   [0 0 0 0 1 0 0 0])
  ("-Uz" .
   [1 0 0])
  ("prompt" .
   [0 0 0 0 3 0])
  ("promptinit" .
   [0 0 0 0 0 0 0 0 0 1])
  ("・Java" .
   [2 0 0 0 0])
  ("short" .
   [1 0 0 0 0])
  ("Short" .
   [1 0 0 0 0])))
